# Convert temperatures from Fahrenheit to Celsius

F_temps <- c(45, 77, 20, 19, 101, 120, 212)
C_temps <- (5/9) * (F_temps - 32)
